$ANSIBLE_VAULT;1.1;AES256
37656438316136623830396431666432313637303031323665333235393231633530376366613939
3138633437386437633134653966623238383434313163300a356135636633323136613835643234
37393233343463356565396138353464633465306631366364353137633036636565613331376232
3563393934386561360a343433366535646530623931623734653130663839626537646565663865
35643861373030396235393031313939643930373932663636373136356234383933306464303865
65346663383037653236653735666161396338343337636239353531663534633936393366353966
31643963643061363132666439633036363533396661306430316639663262366335633936656164
32646165633537616232626630353931356636393531316339363262633962366266353862393631
62393863656662326637643930633331653633316538633064393632666266356463313661623261
64303131653630663438653233343932623966363066303032376161623561313332323734663135
66613361353939323663353037626334323739623839323030393031346261343036373764373666
33666464396531646533363436623139623231306539613061653734353132343037613639373339
33656362343761643033643163353261313031613032656537343532613032643734623334343238
31643738626631393632656233343461613765316631303036336135373737633462646565643638
30663263306231616333653033646666613465343561343666373931303731363437663161663137
36633431353039666161393433363734366235393763343130346337666432343763383466633165
36343762646466376532336562353165333231306162303232393661626538623537616562376339
64336464633530626530303966623063393632383065616266333361313738623830343166663965
32393839643762643965643665343162303863663530613836323739333636633037353662323461
32626539616566373836366233346232663835636137363766356165346539643661343731343838
38636561663730666461363362316532633439646239666465623032353733626533346233393534
35326464386664303835623436353331333033313536363631383634393530653061633737663033
31623132383436343664313361616436383731653334336639653038313965656332616433616233
65666465383130623333623233373866396461383439346232373737616638333834653436306433
36386564353162353239386537323064303037336236666562333836376438313462
